V 54
K 1
D 0 -762000 3556000 0
Y 1
U 3175000 762000 254000 0 2 3 REFDES=IC?
U 3175000 508000 254000 0 2 3 DEVICE=LM2574-5.0YN
U 3175000 254000 254000 0 2 0 PKG_TYPE=DIP762W57P254L952H343Q8N
U 3175000 0 254000 0 2 0 Description=Microchip LM2574-5.0YN, Step Down DC-DC Converter, 500mA, 8-Pin PDIP
U 3175000 -254000 254000 0 2 0 Datasheet Link=https://ww1.microchip.com/downloads/en/DeviceDoc/lm2574.pdf
U 3175000 -508000 254000 0 2 0 Height=3.43
U 3175000 -762000 254000 0 2 0 Mouser Part Number=998-LM2574-5.0YN
U 3175000 -1016000 254000 0 2 0 Mouser Price/Stock=https://www.mouser.co.uk/ProductDetail/Microchip-Technology-Micrel/LM2574-50YN?qs=kh6iOki%2FeLG8tRVzGWSPaw%3D%3D
U 3175000 -1270000 254000 0 2 0 Manufacturer_Name=Microchip
U 3175000 -1524000 254000 0 2 0 Manufacturer_Part_Number=LM2574-5.0YN
U 0 0 254000 0 1 0 FORWARD_PCB=1
l 5 508000 254000 3048000 254000 3048000 -1016000 508000 -1016000 508000 254000
|GRPHSTL -1 -1 -1 1
P 1 0 0 508000 0 0 2 0
L 584200 0 228600 0 2 0 1 0 FB
A 355600 50800 203200 0 9 3 #=1
A 0 0 9 0 3 0 PINTYPE=BI
P 2 0 -254000 508000 -254000 0 2 0
L 584200 -254000 228600 0 2 0 1 0 SIG_GND
A 355600 -203200 203200 0 9 3 #=2
A 0 0 9 0 3 0 PINTYPE=BI
P 3 0 -508000 508000 -508000 0 2 0
L 584200 -508000 228600 0 2 0 1 0 ON/OFF
A 355600 -457200 203200 0 9 3 #=3
A 0 0 9 0 3 0 PINTYPE=BI
P 4 0 -762000 508000 -762000 0 2 0
L 584200 -762000 228600 0 2 0 1 0 PWR_GND
A 355600 -711200 203200 0 9 3 #=4
A 0 0 9 0 3 0 PINTYPE=BI
P 5 3556000 0 3048000 0 0 3 0
L 2971800 0 228600 0 8 0 1 0 NC_2
A 3200400 50800 203200 0 3 3 #=8
A 0 0 9 0 3 0 PINTYPE=BI
P 6 3556000 -254000 3048000 -254000 0 3 0
L 2971800 -254000 228600 0 8 0 1 0 OUTPUT
A 3200400 -203200 203200 0 3 3 #=7
A 0 0 9 0 3 0 PINTYPE=BI
P 7 3556000 -508000 3048000 -508000 0 3 0
L 2971800 -508000 228600 0 8 0 1 0 NC_1
A 3200400 -457200 203200 0 3 3 #=6
A 0 0 9 0 3 0 PINTYPE=BI
P 8 3556000 -762000 3048000 -762000 0 3 0
L 2971800 -762000 228600 0 8 0 1 0 VIN
A 3200400 -711200 203200 0 3 3 #=5
A 0 0 9 0 3 0 PINTYPE=BI
E
