V 54
K 1
D 0 0 1778000 0
Y 1
U 1270000 889000 254000 0 2 3 REFDES=D?
U 1270000 635000 254000 0 2 3 DEVICE=SB160-E3_54
U 1270000 381000 254000 0 2 0 PKG_TYPE=DIOAD1405W86L465D235
U 1270000 127000 254000 0 2 0 Description=Schottky Diodes & Rectifiers 60 Volt 1.0 Amp 50 Amp IFSM
U 1270000 -127000 254000 0 2 0 Datasheet Link=https://componentsearchengine.com/Datasheets/2/SB160-E3_54.pdf
U 1270000 -381000 254000 0 2 0 Height=
U 1270000 -635000 254000 0 2 0 Mouser Part Number=625-SB160-E3
U 1270000 -889000 254000 0 2 0 Mouser Price/Stock=https://www.mouser.co.uk/ProductDetail/Vishay-General-Semiconductor/SB160-E3-54?qs=u91jd7aysvPQGAQKmVmbIA%3D%3D
U 1270000 -1143000 254000 0 2 0 Manufacturer_Name=Vishay
U 1270000 -1397000 254000 0 2 0 Manufacturer_Part_Number=SB160-E3/54
U 0 0 254000 0 1 0 FORWARD_PCB=1
l 4 762000 0 1270000 254000 1270000 -254000 762000 0
|GRPHSTL -1 1 -1 3
l 2 762000 254000 762000 -254000
|GRPHSTL -1 -1 -1 1
l 3 762000 254000 863600 254000 863600 152400
|GRPHSTL -1 -1 -1 1
l 3 762000 -254000 660400 -254000 660400 -152400
|GRPHSTL -1 -1 -1 1
l 2 508000 0 762000 0
|GRPHSTL -1 -1 -1 1
l 2 1270000 0 1524000 0
|GRPHSTL -1 -1 -1 1
P 1 254000 0 508000 0 0 2 0
L 609600 25400 228600 0 2 0 3 0 K
A 406400 25400 203200 0 9 3 #=1
A 0 0 9 0 3 0 PINTYPE=BI
P 2 1778000 0 1524000 0 0 3 0
L 1422400 25400 228600 0 8 0 3 0 A
A 1625600 25400 203200 0 3 3 #=2
A 0 0 9 0 3 0 PINTYPE=BI
E
